lr,nb_layers,embed_dim,dropout,epoch,BLEU,score1,score2,score3,score4,brevity,ratio,syslen,reflen,my_diff_count,my_mean,my_sqrt
0.0001,2,16,0.1,9,64.09646706336243,79.37283848024539,70.07763703228066,62.48230232124481,56.12910820574321,0.9644616436836868,0.9650784290600307,163658,169580,1788,0.624749446144108,2.692097502892625
0.0001,2,16,0.2,14,64.12320404017862,79.70395970801843,70.64531717319473,62.990789437070426,56.57808885461771,0.9580607850670945,0.9589161457719071,162613,169580,3177,0.7349931427365756,4.583910729693977
0.0001,2,32,0.1,28,74.03944951948999,82.39496543166105,76.62424648359008,71.6795796894224,66.9550283060874,0.9979339460147516,0.9979360773676141,169230,169580,76,0.03692372613144847,0.7736836231761451
0.0001,2,32,0.2,5,61.67913355644966,73.80040511327852,65.13839585531997,57.950083236964836,51.952109679070205,1,1.0393147776860479,176247,169580,2277,-0.7033442346239055,5.773560554540763
0.0001,2,64,0.1,3,65.34587980209486,78.69300911854104,70.60914327736242,63.913894324853224,58.09343443575925,0.9695905025241413,0.9700436372213704,164500,169580,3104,0.5359215107078806,9.228311108781268
0.0001,2,64,0.2,3,63.21150600215013,81.57845070514198,73.50774736783698,66.60484301738975,60.50462212903841,0.9015615989434133,0.9061033140700554,153657,169580,7957,1.679818546260154,9.377901492138012
0.0001,3,16,0.1,7,63.14993718077182,75.44103299856528,66.54629758877473,59.38604112366058,53.3427980533619,1,1.0275386248378346,174250,169580,2963,-0.49266800295389807,2.5658949429620823
0.0001,3,16,0.2,7,64.05594808160349,80.34706251306712,70.5242812273496,62.669643912992065,56.25996248545013,0.9581160803618071,0.9589692180681684,162622,169580,4476,0.7340436754931955,1.9473500378874191
0.0001,3,32,0.1,8,66.78584878199248,78.43722907734879,70.4795283369094,63.82062444413238,57.983151459140515,0.9930529947275668,0.993077013798797,168406,169580,898,0.12385272708091571,0.7471858798903395
0.0001,3,32,0.2,6,65.03234896421868,77.27280758063851,68.49590199723056,61.2763025388244,55.14852879065184,1,1.0013032197193066,169801,169580,656,-0.023314695643000316,0.8741339360762926
0.0001,3,64,0.1,6,66.88033063869266,77.52739648054835,70.84460875862332,65.05512172714745,59.70824949698189,0.9840767060285383,0.9842021464795376,166901,169580,3912,0.28262474944614413,5.654923717735038
0.0001,3,64,0.2,6,65.98656813890656,76.21799731731498,69.01309331999926,62.855738671734215,57.344029388641125,1,1.0111451822148838,171470,169580,823,-0.1993881211098217,3.6065605843886654
0.0005,2,16,0.1,14,66.38614124875669,77.68787566241065,70.00872989455041,63.36485647737208,57.54357588269096,0.9948090763130178,0.9948225026536148,168702,169580,1434,0.09262580440974787,3.357076881187125
0.0005,2,16,0.2,8,65.56764755266823,78.67290917037366,70.15258841749817,62.84607389209109,56.645319701908306,0.9848312680758992,0.9849451586271966,167027,169580,1595,0.2693322080388227,3.2029004947516735
0.0005,2,32,0.1,15,75.45357583367223,83.24855723271925,77.8719520961078,73.11837238796555,68.56517904392308,0.999327524903981,0.9993277509140229,169466,169580,30,0.012026585082814643,1.2110369118821824
0.0005,2,32,0.2,19,70.17166214678562,79.83526179281594,73.25888515950939,67.5799452032878,62.37874912316751,0.995828094961936,0.9958367732043873,168874,169580,214,0.07448043042515033,0.8334194842411193
0.0005,2,64,0.1,10,78.07885522856368,85.15875319075849,80.58267657246122,76.35916309957194,72.16773205958641,0.9956682011109425,0.9956775563156033,168847,169580,50,0.07732883215529064,2.1948784240932957
0.0005,2,64,0.2,11,76.73031225543725,83.67952348288983,78.91080873041491,74.59494021330731,70.3724707694462,1,1.0058438495105555,170571,169580,112,-0.10454689313218694,4.979788244389707
0.0005,3,16,0.1,10,64.5713625946465,75.10920086544238,67.66423447782016,61.32050744390858,55.78298499986085,1,1.0111628729803044,171473,169580,1032,-0.1997046101909484,1.5247371227842428
0.0005,3,16,0.2,6,62.5289135898899,74.73146721254916,65.95551879534632,58.800461807369565,52.7458318225044,1,1.0255218775799033,173908,169580,2408,-0.45658824770545414,2.922135419312116
0.0005,3,32,0.1,8,69.02457906008324,78.32950631458094,71.91525518336363,66.1964689070207,60.874278720055955,1,1.006698903172544,170716,169580,437,-0.11984386538664416,2.9606912340880576
0.0005,3,32,0.2,14,67.9922956361021,78.35336666312095,71.2280657823074,64.98506847219542,59.433688868155244,0.9978630342440462,0.9978653143059323,169218,169580,322,0.03818968245595527,0.41847814545498224
0.0005,3,64,0.1,15,73.0317389536578,80.58596546365652,75.34865097942588,70.71930122782013,66.24814336678743,1,1.013203207925463,171819,169580,998,-0.23620635088089462,4.579236405285393
0.0005,3,64,0.2,12,68.8503547419843,78.01857401769745,71.85097798053451,66.43129096570716,61.412361708611805,0.9956148975031768,0.9956244840193419,168838,169580,1585,0.07827829939867074,1.1406980796302955
0.001,2,16,0.1,14,67.36821623122303,77.95843563867906,70.50254100757016,64.11145682633426,58.45432663630431,1,1.0039037622361127,170242,169580,1698,-0.06983859056862539,5.551511932318677
0.001,2,16,0.2,8,65.95783252804821,77.60212432731598,69.36886937759958,62.355193175119396,56.38383966333805,1,1.001544993513386,169842,169580,1169,-0.027640046418398564,3.7840203489218927
0.001,2,32,0.1,10,71.35764805806376,79.94144694514783,74.08403151181693,68.81916123118616,63.85677381103629,0.9990501447621416,0.9990505955891025,169419,169580,1486,0.016984914020466296,4.567795274089955
0.001,2,32,0.2,20,69.55584619039199,78.24318109456256,72.29817078121195,66.9099159463171,61.84011109466309,1,1.00012973227975,169602,169580,430,-0.002320919928262475,2.224170706292817
0.001,2,64,0.1,12,76.01801331691492,83.03389102379258,78.28081372157958,73.87479230244736,69.54390406864297,1,1.0020462318669654,169927,169580,161,-0.03660723705032176,4.594875526671191
0.001,2,64,0.2,12,72.261351485786,79.50096387754165,74.58029208152071,70.0344845334294,65.66227244193345,1,1.0278098832409481,174296,169580,231,-0.49752083553117415,8.21127546949639
0.001,3,16,0.1,8,67.93074923631009,79.20473943166985,71.26589248172989,64.6066818224119,58.77566013478194,0.9983652178583228,0.9983665526595117,169303,169580,539,0.02922249182403207,0.6625483797601006
0.001,3,16,0.2,10,63.628533551622766,74.67983202026863,66.75193850635561,60.239070727795706,54.58360032245396,1,1.019448048118882,172878,169580,2230,-0.34792699651862014,1.3713417225676676
0.001,3,32,0.1,14,71.47308787582703,80.44057957334341,74.24152476175597,68.78165680866178,63.64354591818739,0.9995517335012737,0.9995518339426819,169504,169580,171,0.008017723388543094,0.4074938910353657
0.001,3,32,0.2,10,67.34527397962844,78.23695555225211,71.08811816302868,64.72908713415042,59.078997963456146,0.9916804082123652,0.9917148248614224,168175,169580,1389,0.1482223863276717,2.419611646327173
0.001,3,64,0.1,6,65.21200750448605,79.01901793703124,70.0422800672406,62.563828202245666,56.20091363682216,0.9818336704262397,0.9819966977237882,166527,169580,3235,0.3220803882266062,3.595178518078636
0.001,3,64,0.2,7,62.6057789801576,76.6103045220514,66.53456738008681,58.979973083181,52.807077479324136,0.9918171564942165,0.9918504540629791,168198,169580,778,0.14579597003903366,0.7577012558811261
0.005,2,16,0.1,18,63.18339160499653,78.45750013671412,68.6681968819714,61.048817644071754,54.72088265380681,0.9700582628706662,0.9704977002004953,164577,169580,2302,0.5277982909589619,2.6381643965183983
0.005,2,16,0.2,4,30.99369198089605,89.06658412436373,82.43450076528316,76.6659371124243,71.57108069527249,0.3890293383898817,0.5143766953650195,87228,169580,8683,8.687836269648697,14.454055391818388
0.005,2,32,0.1,12,63.29916439350465,78.47941888619854,68.52511864167325,60.86457379491315,54.535600224070066,0.9738350750012089,0.9741714824861423,165200,169580,1738,0.46207405844498367,2.3585190459020886
0.005,2,32,0.2,4,0.5634355387858727,97.17753416856492,93.97862168985336,89.21746557062026,69.23076923076923,0.0065014202617182095,0.16567991508432597,28096,169580,9238,14.926047051376727,19.7986008983308
0.005,2,64,0.1,4,6.339042752553148,91.83669163413862,86.48855364489924,80.82779477441362,75.68836375145057,0.07592459832384314,0.27948460903408423,47395,169580,9204,12.89007279248866,18.352392692617624
0.005,2,64,0.2,4,6.339042752553148,91.83669163413862,86.48855364489924,80.82779477441362,75.68836375145057,0.07592459832384314,0.27948460903408423,47395,169580,9204,12.89007279248866,18.352392692617624
0.005,3,16,0.1,4,6.339042752553148,91.83669163413862,86.48855364489924,80.82779477441362,75.68836375145057,0.07592459832384314,0.27948460903408423,47395,169580,9204,12.89007279248866,18.352392692617624
0.005,3,16,0.2,4,5.926324009557339,93.81496994292411,88.87978142076503,83.82065558054644,79.92857952613083,0.06854934738752944,0.2717242599363132,46079,169580,9198,13.028906002742906,18.358921680611257
0.005,3,32,0.1,4,6.339042752553148,91.83669163413862,86.48855364489924,80.82779477441362,75.68836375145057,0.07592459832384314,0.27948460903408423,47395,169580,9204,12.89007279248866,18.352392692617624
0.005,3,32,0.2,4,6.339042752553148,91.83669163413862,86.48855364489924,80.82779477441362,75.68836375145057,0.07592459832384314,0.27948460903408423,47395,169580,9204,12.89007279248866,18.352392692617624
0.005,3,64,0.1,6,5.1724861771672055,6.810581284945669,5.610709948094731,4.704125333938605,3.982139519739868,1,11.179384361363368,1895800,169580,9479,-182.10992720751133,182.57787907759655
0.005,3,64,0.2,4,6.339042752553148,91.83669163413862,86.48855364489924,80.82779477441362,75.68836375145057,0.07592459832384314,0.27948460903408423,47395,169580,9204,12.89007279248866,18.352392692617624
0.01,2,16,0.1,5,6.223614730030526,93.8787723347867,88.89008014152081,83.81471013993244,77.72093247743616,0.07248079741415889,0.2759051774973464,46788,169580,9167,12.954109083236629,18.710570596641467
0.01,2,16,0.2,4,5.1724861771672055,6.810581284945669,5.610709948094731,4.704125333938605,3.982139519739868,1,11.179384361363368,1895800,169580,9479,-182.10992720751133,182.57787907759655
0.01,2,32,0.1,6,6.735393336696138,8.803319045471005,7.288147785216864,6.148104551779513,5.217314242453804,1,8.7455891024885,1483077,169580,9113,-138.5691528642262,157.14766644967105
0.01,2,32,0.2,4,6.339042752553148,91.83669163413862,86.48855364489924,80.82779477441362,75.68836375145057,0.07592459832384314,0.27948460903408423,47395,169580,9204,12.89007279248866,18.352392692617624
0.01,2,64,0.1,9,8.963731539199674,11.820260487169191,9.816294094828582,8.181402146473966,6.800690574553547,1,4.905212878877226,831826,169580,9225,-69.86454267327777,114.54272231697816
0.01,2,64,0.2,6,5.1724861771672055,6.810581284945669,5.610709948094731,4.704125333938605,3.982139519739868,1,11.179384361363368,1895800,169580,9479,-182.10992720751133,182.57787907759655
0.01,3,16,0.1,4,5.1724861771672055,6.810581284945669,5.610709948094731,4.704125333938605,3.982139519739868,1,11.179384361363368,1895800,169580,9479,-182.10992720751133,182.57787907759655
0.01,3,16,0.2,4,6.339042752553148,91.83669163413862,86.48855364489924,80.82779477441362,75.68836375145057,0.07592459832384314,0.27948460903408423,47395,169580,9204,12.89007279248866,18.352392692617624
0.01,3,32,0.1,5,5.1724861771672055,6.810581284945669,5.610709948094731,4.704125333938605,3.982139519739868,1,11.179384361363368,1895800,169580,9479,-182.10992720751133,182.57787907759655
0.01,3,32,0.2,4,5.1724861771672055,6.810581284945669,5.610709948094731,4.704125333938605,3.982139519739868,1,11.179384361363368,1895800,169580,9479,-182.10992720751133,182.57787907759655
0.01,3,64,0.1,6,5.1724861771672055,6.810581284945669,5.610709948094731,4.704125333938605,3.982139519739868,1,11.179384361363368,1895800,169580,9479,-182.10992720751133,182.57787907759655
0.01,3,64,0.2,4,5.1724861771672055,6.810581284945669,5.610709948094731,4.704125333938605,3.982139519739868,1,11.179384361363368,1895800,169580,9479,-182.10992720751133,182.57787907759655
