lr,nb_layers,embed_dim,dropout,epoch,BLEU,score1,score2,score3,score4,brevity,ratio,syslen,reflen,my_diff_count,my_mean,my_sqrt
0.0005,2,32,0.05,10,75.5957016133204,83.33451662525145,78.17363561717677,73.55332822749826,69.06475838588891,0.996692265277208,0.9966977237881826,169020,169580,81,0.05907796181031755,2.163483884188454
0.0005,2,32,0.1,15,75.45357583367223,83.24855723271925,77.8719520961078,73.11837238796555,68.56517904392308,0.999327524903981,0.9993277509140229,169466,169580,30,0.012026585082814643,1.2110369118821824
0.0005,2,64,0.05,8,77.25720443451752,84.31300277899663,79.49593052785453,75.08893988912928,70.7848847359857,1,1.0079313598301687,170925,169580,68,-0.14189260470513768,4.646746880038597
0.0005,2,64,0.1,10,78.07885522856368,85.15875319075849,80.58267657246122,76.35916309957194,72.16773205958641,0.9956682011109425,0.9956775563156033,168847,169580,50,0.07732883215529064,2.1948784240932957
0.0005,2,128,0.05,8,64.71453316445948,71.74333031259647,67.02098194455331,62.5875835994043,58.280972071426916,1,1.1843023941502535,200834,169580,885,-3.2971832471779723,20.349136369546276
0.0005,2,128,0.1,9,73.87082476082554,81.5722331586804,76.77355921948268,72.34957595894907,68.00615375849347,0.9914901188794596,0.9915261233636042,168143,169580,646,0.15159826985968983,3.6738110807945636
0.0005,3,32,0.05,14,72.49708454344615,80.91139954853274,75.0978939570325,69.92667623159467,65.01324005591026,1,1.0031371624012266,170112,169580,253,-0.056124063719801665,1.2619718920124807
0.0005,3,32,0.1,8,69.02457906008324,78.32950631458094,71.91525518336363,66.1964689070207,60.874278720055955,1,1.006698903172544,170716,169580,437,-0.11984386538664416,2.9606912340880576
0.0005,3,64,0.05,14,71.69306754189556,79.16664300680836,74.00556929207576,69.39494537082967,64.97917312591834,1,1.0384892086330935,176107,169580,880,-0.6885747441713261,7.11676015715774
0.0005,3,64,0.1,15,73.0317389536578,80.58596546365652,75.34865097942588,70.71930122782013,66.24814336678743,1,1.013203207925463,171819,169580,998,-0.23620635088089462,4.579236405285393
0.0005,3,128,0.05,10,73.88261239672384,81.29629195574724,76.22241386798365,71.61162387756849,67.14783509194213,1,1.006345087864135,170656,169580,1061,-0.11351408376411014,5.300705484837563
0.0005,3,128,0.1,12,71.20765606536985,78.64738285608033,73.52060362692707,68.92534800399397,64.51110110491497,1,1.0148366552659511,172096,169580,1307,-0.26542884270492667,3.9164714748311327
0.0005,4,32,0.05,13,72.91744031544988,81.08613014407246,75.60248509444361,70.65994171113744,65.92885934516653,0.9974670179562125,0.9974702205448756,169151,169580,394,0.045257938601118264,0.5856352683889252
0.0005,4,32,0.1,19,71.30588455212919,80.15907592313489,73.99128303933857,68.61004960560562,63.530239594694436,1,1.0016275504186813,169856,169580,261,-0.029116995463656505,0.28795857211619125
0.0005,4,64,0.05,11,66.55254030171619,78.14198969144955,69.88353471213944,62.99911973578837,57.02492704707661,1,1.0022172425993632,169956,169580,784,-0.03966663150121321,4.853481462647237
0.0005,4,64,0.1,5,65.45781054019203,80.75278280486899,72.25042635429219,65.24778394615498,59.14435620888126,0.9502595176759061,0.9514565396862837,161348,169580,5619,0.8684460386116679,4.164261006840735
0.0005,4,128,0.05,6,64.16841561746868,80.23803926905613,71.07343518974865,63.429255754995125,57.02732371017003,0.9521519498883066,0.9532609977591697,161654,169580,2194,0.8361641523367443,2.831707498917588
0.0005,4,128,0.1,8,66.58925227391018,77.60515236392646,69.63907105172329,63.209954076225614,57.55559568291362,1,1.0126606911192357,171727,169580,1766,-0.22650068572634244,0.8243191476479407